x y color

464 272 2
496 272 2
528 272 2
560 272 2
592 272 2
656 272 2
688 272 2
720 272 2
752 272 2
784 272 2
624 272 2
816 272 2
848 272 2
912 272 2
880 272 2
944 272 2
976 272 2
1008 272 2
1040 272 2
1072 272 2
1104 272 2
1136 272 2
1168 272 2
1200 272 2
1232 272 2
464 240 2
464 208 2
464 176 2
464 144 2
464 112 2
464 80 2
464 48 2
464 16 2
464 -16 2
464 -48 2
464 -80 2
464 -112 2
464 -144 2
464 -176 2
464 -208 2
464 -240 2
464 -272 2
464 -304 2
464 -336 2
464 -368 2
464 -400 2
464 -432 2
464 -464 2
464 -496 2
496 -496 2
1232 -240 2
1232 -272 2
1232 -304 2
1232 -336 2
1232 -400 2
1232 -368 2
1232 -432 2
1232 -464 2
1200 -496 2
1232 -496 2
1232 -208 2
1232 -176 2
1232 -144 2
1232 -112 2
1232 -80 2
1232 -48 2
1232 -16 2
1232 16 2
1232 48 2
1232 80 2
1232 112 2
1232 240 2
1232 208 2
1232 176 2
1232 144 2
1040 176 2
1040 208 2
1040 240 2
1008 144 2
976 144 2
1040 144 2
1072 144 2
1104 144 2
1136 144 2
1168 144 2
1200 144 2
1136 48 4
592 144 3
944 144 2
912 144 2
816 208 2
784 208 2
752 208 2
720 208 2
1098.45 26025.2 5
634.498 3642.77 5
1213.78 21748.8 5
1130.33 6522.69 5
1049.83 13762.8 5
1041.33 14529.2 5
720 144 5
752 112 5
784 112 5
816 144 5
976 208 5
944 208 5
