x y color

464 272 2
496 272 2
624 432 2
560 272 2
592 272 2
656 272 2
688 272 2
880 464 2
752 272 2
464 400 2
624 272 2
496 336 2
912 -496 2
912 272 2
496 400 2
944 272 2
976 272 2
1008 272 2
1040 272 2
1072 272 2
1104 272 2
1136 272 2
1200 304 2
1200 272 2
1232 272 2
1072 464 2
1008 464 2
624 464 2
560 336 2
1200 400 2
1200 432 2
1168 432 2
1136 432 2
912 -560 2
720 432 2
560 304 2
1232 400 2
784 -496 2
784 400 2
1008 432 2
944 432 2
720 336 2
1200 336 2
1136 304 2
976 336 2
1104 336 2
912 400 2
688 464 2
1072 432 2
1104 432 2
752 400 2
496 304 2
464 336 2
752 432 2
688 432 2
976 432 2
784 272 2
816 272 2
880 272 2
816 304 2
880 304 2
816 336 2
880 336 2
816 400 2
816 432 2
880 400 2
880 432 2
784 336 2
752 336 2
1136 336 2
560 432 2
528 432 2
496 432 2
912 336 2
944 336 2
816 464 2
720 272 2
944 400 2
592 432 2
784 -528 2
784 -560 2
784 -592 2
848 -688 4
624 176 3
592 336 2
1232 336 2
912 -592 2
912 -528 2
656 -688 2
784 -784 2
816 -784 2
848 -784 2
880 -784 2
912 -784 2
944 -784 2
944 -752 2
976 -752 2
1008 -752 2
1008 -720 2
1040 -720 2
1040 -688 2
752 -784 2
752 -752 2
720 -752 2
688 -752 2
688 -720 2
656 -720 2
624 10480 5
848 144 5
528 7536 5
784 304 5
592 304 5
816 368 5
784 368 5
912 304 5
912 368 5
880 368 5
1104 304 5
912 208 5
592 8976 5
784 208 5
