x y color

464 304 2
496 304 2
528 304 2
560 304 2
592 304 2
656 304 2
688 304 2
720 304 2
752 304 2
784 304 2
624 304 2
816 304 2
848 304 2
912 304 2
880 304 2
944 304 2
976 304 2
1008 304 2
1040 304 2
1072 304 2
1104 304 2
1136 304 2
1168 304 2
1200 304 2
1232 304 2
464 272 2
464 240 2
464 208 2
464 176 2
464 144 2
464 112 2
464 80 2
464 48 2
464 16 2
464 -16 2
464 -48 2
464 -80 2
464 -112 2
464 -144 2
464 -176 2
464 -208 2
464 -240 2
464 -272 2
464 -304 2
464 -336 2
464 -368 2
464 -400 2
464 -432 2
464 -464 2
496 -464 2
1232 -208 2
1232 -240 2
1232 -272 2
1232 -304 2
1232 -368 2
1232 -336 2
1232 -400 2
1232 -432 2
1200 -464 2
1232 -464 2
1232 -176 2
1232 -144 2
1232 -112 2
1232 -80 2
1232 -48 2
1232 -16 2
1232 16 2
1232 48 2
1232 80 2
1232 112 2
1232 144 2
1232 272 2
1232 240 2
1232 208 2
1232 176 2
1040 208 2
1040 240 2
1040 272 2
1008 176 2
976 176 2
1040 176 2
1072 176 2
1104 176 2
1136 176 2
1168 176 2
1200 176 2
880 -368 2
816 -368 2
848 -368 2
912 176 2
1136 80 4
528 -464 2
560 -464 2
592 -464 2
624 -464 2
656 -464 2
688 -464 2
1008 -464 2
1040 -464 2
1168 -464 2
944 176 2
592 176 3
1136 -464 2
1104 -464 2
1072 -464 2
976 240 5
944 240 5
976 112 5
944 112 5
688 -432 5
816 -336 5
848 -336 5
880 -336 5
1008 -432 5
